2 0.5673076923076923 0.5973557692307693 0.1346153846153846 0.13221153846153846
2 0.3581730769230769 0.5384615384615384 0.21153846153846154 0.125
2 0.3137019230769231 0.40865384615384615 0.12259615384615384 0.11298076923076923
2 0.46274038461538464 0.4362980769230769 0.16826923076923078 0.16346153846153846
2 0.3762019230769231 0.640625 0.12740384615384615 0.12740384615384615
2 0.5288461538461539 0.6586538461538461 0.125 0.12740384615384615
0 0.43149038461538464 0.828125 0.4014423076923077 0.2668269230769231
0 0.7956730769230769 0.4338942307692308 0.3317307692307692 0.7572115384615384
0 0.5096153846153846 0.1971153846153846 0.4543269230769231 0.15625
0 0.5372596153846154 0.33774038461538464 0.43990384615384615 0.25
0 0.18870192307692307 0.44471153846153844 0.3125 0.8221153846153846