0 0.09495192307692307 0.5276442307692307 0.18990384615384615 0.8557692307692307
0 0.21033653846153846 0.45552884615384615 0.15384615384615385 0.8341346153846154
0 0.6478365384615384 0.0625 0.7043269230769231 0.10817307692307693
0 0.30408653846153844 0.5444711538461539 0.17067307692307693 0.8173076923076923
0 0.484375 0.5420673076923077 0.21394230769230768 0.8389423076923077
0 0.7764423076923077 0.19110576923076922 0.44711538461538464 0.14182692307692307
0 0.7752403846153846 0.34134615384615385 0.4495192307692308 0.16346153846153846
0 0.7740384615384616 0.4831730769230769 0.4519230769230769 0.1778846153846154
2 0.6129807692307693 0.6358173076923077 0.18990384615384615 0.11778846153846154
2 0.84375 0.640625 0.21394230769230768 0.11538461538461539
2 0.8173076923076923 0.7608173076923077 0.2980769230769231 0.13701923076923078
2 0.7355769230769231 0.7872596153846154 0.125 0.08173076923076923
2 0.6021634615384616 0.7872596153846154 0.1466346153846154 0.0985576923076923
2 0.6766826923076923 0.9158653846153846 0.22596153846153846 0.14423076923076922
2 0.8774038461538461 0.9086538461538461 0.22115384615384615 0.14423076923076922